R 13380 350525 257350;
R 13380 388675 169393;
R 13380 411400 225278;
R 13380 329875 449800;
R 13380 394050 13011;
R 13380 439375 170235;
R 13380 113668 318350;
R 13380 83260 424150;
R 13380 255925 395300;
R 13380 450650 248550;
R 13380 76683 408950;
R 13380 383075 102708;
R 13380 342500 211298;
R 13380 165815 9133;
R 13380 174830 348975;
R 13380 101127 437700;
R 13380 233985 394700;
R 13380 239080 367475;
R 13380 406350 483375;
R 13380 185825 366700;
R 13380 178535 462750;
R 13380 32630 30035;
R 13380 166450 279450;
R 13380 377775 232320;
R 13380 463475 34045;
R 13380 453100 443750;
R 13380 191275 421600;
R 13380 152055 436925;
R 13380 51553 350600;
R 13380 150553 282625;
R 13380 119723 388000;
R 13380 244960 382775;
R 13380 260925 258300;
R 13380 149550 194658;
R 13380 449850 484525;
R 13380 329300 415875;
R 13380 243593 220815;
R 13380 69045 349300;
R 13380 95338 146088;
R 13380 7330 447500;
R 13380 254500 352825;
R 13380 77225 287950;
R 13380 311325 23219;
R 13380 8444 428850;
R 13380 174990 202820;
R 13380 444600 461675;
R 13380 112165 107728;
R 13380 17767 19376;
R 13380 120920 123410;
R 13380 328900 289525;
R 13380 274075 309150;
R 13380 175108 249820;
R 13380 361500 305375;
R 13380 48403 443000;
R 13380 493250 459900;
R 13380 124103 483700;
R 13380 338375 89650;
R 13380 21711 316975;
R 13380 121285 167900;
R 13380 54245 63353;
R 13380 175988 429925;
R 13380 77680 32340;
R 13380 57790 415200;
R 13380 32208 12318;
R 13380 192493 193933;
R 13380 593 252450;
R 13380 138358 152540;
R 13380 460225 199563;
R 13380 122788 303900;
R 13380 63260 45228;
R 13380 475250 364325;
R 13380 90328 458300;
R 13380 18736 166458;
R 13380 402575 408500;
R 13380 49808 163450;
R 13380 63053 194138;
R 13380 330225 308325;
R 13380 214852 499850;
R 13380 93383 36798;
R 13380 61477 493850;
R 13380 110350 498650;
R 13380 144498 68705;
R 13380 193613 131255;
R 13380 229070 164070;
R 13380 70773 213475;
R 13380 59172 226640;
R 13380 159675 421350;
R 13380 387875 481200;
R 13380 435375 254675;
R 13380 192165 46613;
R 13380 220780 484600;
R 13380 63968 324275;
R 13380 133048 343350;
R 13380 370550 425575;
R 13380 152235 401850;
R 13380 423800 266500;
R 13380 139558 379950;
R 13380 55580 382775;
R 13380 38028 459175;
R 13380 437925 375275;
R 13380 95320 20330;
R 13380 180675 397450;
R 13380 412800 499350;
R 13380 78900 51575;
R 13380 321075 59023;
R 13380 179960 62345;
R 13380 173140 309150;
R 13380 299950 251425;
R 13380 77460 183165;
R 13380 101968 330400;
R 13380 137915 220890;
R 13380 299525 232903;
R 13380 478175 276550;
R 13380 96088 99598;
R 13380 395900 495750;
R 13380 157465 493400;
R 13380 166878 364300;
R 13380 64007 430250;
R 13380 451175 334950;
R 13380 94918 4037;
R 13380 223608 212008;
R 13380 182905 113260;
R 13380 388275 186045;
R 13380 176118 128310;
R 13380 318550 8356;
R 13380 136808 274200;
R 13380 205618 143493;
R 13380 26070 119103;
R 13380 79640 247718;
R 13380 207960 160365;
R 13380 281900 414625;
R 13380 118265 369625;
R 13380 418850 326675;
R 13380 147693 351525;
R 13380 43708 398175;
R 13380 300825 133835;
R 13380 362700 288575;
R 13380 133320 362950;
R 13380 10721 332525;
R 13380 15112 74163;
R 13380 109080 46500;
R 13380 237628 75188;
R 13380 145525 51760;
R 13380 294850 217150;
R 13380 64483 134065;
R 13380 272025 290725;
R 13380 97780 250300;
R 13380 96210 120398;
R 13380 168198 143990;
R 13380 77153 15773;
R 13380 264000 38620;
R 13380 386150 270450;
R 13380 273750 398700;
R 13380 461475 103890;
R 13380 361750 219763;
R 13380 104080 346600;
R 13380 280150 51413;
R 13380 424850 283200;
R 13380 362625 10487;
R 13380 229600 44035;
R 13380 407800 295500;
R 13380 1227 60350;
R 13380 124032 33788;
R 13380 134518 186450;
R 13380 61613 399050;
R 13380 329950 324725;
R 13380 302150 177670;
R 13380 164105 112295;
R 13380 156580 298175;
R 13380 220580 246025;
R 13380 151075 367375;
R 13380 459200 363325;
R 13380 246380 40748;
R 13380 147038 258750;
R 13380 304275 117578;
R 13380 8790 394750;
R 13380 325075 479025;
R 13380 103223 473050;
R 13380 220280 364175;
R 13380 198693 2195;
R 13380 239333 479275;
R 13380 147098 101133;
R 13380 200023 337575;
R 13380 345925 58480;
R 13380 352725 169873;
R 13380 131548 452050;
R 13380 276850 100865;
R 13380 240920 411025;
R 13380 356750 152658;
R 13380 331100 108043;
R 13380 47340 239927;
R 13380 39210 289850;
R 13380 12880 487850;
R 13380 300525 342700;
R 13380 347225 5372;
R 13380 159425 127725;
R 13380 414900 398000;
R 13380 158070 246320;
R 13380 355000 88040;
R 13380 483825 156650;
R 13380 229185 263150;
R 13380 263225 57573;
R 13380 406000 182110;
R 13380 480125 139910;
R 13380 367575 131510;
R 13380 438675 130413;
R 13380 245490 336100;
R 13380 230795 291700;
R 13380 333375 399125;
R 13380 441325 280700;
R 13380 240915 57775;
R 13380 485050 243823;
R 13380 166370 95993;
R 13380 223893 408500;
R 13380 17133 53870;
R 13380 285725 451500;
R 13380 117125 441550;
R 13380 171610 168245;
R 13380 289625 146448;
R 13380 284250 121048;
R 13380 93135 62968;
R 13380 216060 175045;
R 13380 375775 197505;
R 13380 263100 177010;
R 13380 293550 21861;
R 13380 252075 238788;
R 13380 303400 56278;
R 13380 123218 233128;
R 13380 379550 63097;
R 13380 414100 65590;
R 13380 349200 387750;
R 13380 397125 217845;
R 13380 376025 41963;
R 13380 403625 138735;
R 13380 224888 463875;
R 13380 311800 468150;
R 13380 300650 6758;
R 13380 331925 224655;
R 13380 265700 487550;
R 13380 376150 316500;
R 13380 316275 168515;
R 13380 313200 412575;
R 13380 62148 115105;
R 13380 267875 341575;
R 13380 401275 75300;
R 13380 185610 148448;
R 13380 362275 486875;
R 13380 482700 87355;
R 13380 302650 284700;
R 13380 165345 188038;
R 13380 285275 244643;
R 13380 227240 193323;
R 13380 458650 281600;
R 13380 275525 356800;
R 13380 442875 427475;
R 13380 38465 67050;
R 13380 211725 44298;
R 13380 335425 245670;
R 13380 192665 383350;
R 13380 481200 485525;
R 13380 392275 36175;
R 13380 442150 23148;
R 13380 280425 31653;
R 13380 163548 72393;
R 13380 116653 195023;
R 13380 331650 45695;
R 13380 221100 150033;
R 13380 323700 209592;
R 13380 212378 200265;
R 13380 5105 314950;
R 13380 241868 305900;
R 13380 222248 444075;
R 13380 6596 375350;
R 13380 3931 232465;
R 13380 7737 179080;
R 13380 407500 341500;
R 13380 324650 153035;
R 13380 151268 83625;
R 13380 168345 444825;
R 13380 480100 5459;
R 13380 314300 104593;
R 13380 137008 133278;
R 13380 414325 125705;
R 13380 273850 161883;
R 13380 209293 257775;
R 13380 463525 87893;
R 13380 463175 147460;
R 13380 414125 207572;
R 13380 467600 242882;
R 13380 215113 394875;
R 13380 345425 347575;
R 13380 144008 117550;
R 13380 364200 410525;
R 13380 300575 481500;
R 13380 266400 426075;
R 13380 366175 101085;
R 13380 333725 265150;
R 13380 10429 4032;
R 13380 284625 431425;
R 13380 238822 444825;
R 13380 452750 61985;
R 13380 332650 497900;
R 13380 484875 54843;
R 13380 70473 65453;
R 13380 490925 122602;
R 13380 362825 346475;
R 13380 488775 264200;
R 13380 376600 297475;
R 13380 351300 134455;
R 13380 202875 238680;
R 13380 214188 294475;
R 13380 361975 272175;
R 13380 281025 10045;
R 13380 362325 30930;
R 13380 31958 272350;
R 13380 249890 115270;
R 13380 423050 430800;
R 13380 455775 319275;
R 13380 186440 318475;
R 13380 160705 384550;
R 13380 443400 349175;
R 13380 272950 463025;
R 13380 1077 43788;
R 13380 394100 233730;
R 13380 43873 426775;
R 13380 63215 174003;
R 13380 320350 86038;
R 13380 468875 50505;
R 13380 304625 154845;
R 13380 336500 376575;
R 13380 191235 351325;
R 13380 269825 193020;
R 13380 128745 2282;
R 13380 311625 450750;
R 13380 151843 142425;
R 13380 334575 431725;
R 13380 119565 271050;
R 13380 782 26408;
R 13380 314125 331700;
R 13380 431475 195750;
R 13380 458100 18868;
R 13380 316850 137523;
R 13380 235438 351600;
R 13380 427750 223078;
R 13380 446250 97040;
R 13380 85083 263775;
R 13380 347975 364825;
R 13380 34698 170835;
R 13380 367200 252175;
R 13380 152783 175825;
R 13380 113855 252950;
R 13380 19987 260625;
R 13380 100145 420925;
R 13380 398775 260125;
R 13380 347750 23266;
R 13380 359150 201938;
R 13380 481700 225730;
R 13380 474425 123133;
R 13380 480825 340575;
R 13380 429125 497375;
R 13380 234422 494775;
R 13380 284450 338825;
R 13380 291200 68373;
R 13380 480375 426725;
R 13380 346950 105065;
R 13380 470175 327275;
R 13380 491650 414625;
R 13380 247355 188965;
R 13380 445750 6512;
R 13380 456825 229745;
R 13380 141128 33670;
R 13380 177143 293550;
R 13380 448175 298075;
R 13380 426475 346800;
R 13380 58057 476650;
R 13380 316875 434825;
R 13380 38185 382275;
R 13380 258475 472600;
R 13380 378250 384000;
R 13380 10180 130948;
R 13380 40838 477000;
R 13380 379700 22123;
R 13380 204648 486725;
R 13380 393400 285500;
R 13380 355825 470025;
R 13380 397650 466600;
R 13380 207980 221510;
R 13380 27535 209813;
R 13380 301675 267700;
R 13380 36568 196530;
R 13380 48018 88575;
R 13380 328000 342175;
R 13380 436100 64307;
R 13380 296025 315250;
R 13380 106735 303150;
R 13380 20255 283625;
R 13380 465675 395750;
R 13380 292175 358150;
R 13380 236600 321950;
R 13380 59865 149578;
R 13380 158963 40633;
R 13380 66935 271650;
R 13380 428400 457075;
R 13380 106663 453925;
R 13380 134500 85390;
R 13380 135948 203718;
R 13380 25550 137255;
R 13380 157695 317800;
R 13380 204525 92460;
R 13380 74088 365350;
R 13380 111040 284850;
R 13380 499150 216978;
R 13380 51128 276800;
R 13380 299100 423225;
R 13380 314250 357350;
R 13380 372000 472175;
R 13380 494150 436425;
R 13380 444075 210288;
R 13380 61320 28775;
R 13380 46918 106768;
R 13380 205493 436225;
R 13380 223365 133600;
R 13380 75018 229410;
R 13380 411125 109553;
R 13380 209040 125720;
R 13380 408725 312300;
R 13380 341475 121130;
R 13380 407200 29828;
R 13380 22918 452950;
R 13380 350725 425425;
R 13380 454350 382500;
R 13380 202485 311200;
R 13380 318650 377850;
R 13380 427375 158800;
R 13380 495175 283800;
R 13380 210080 420625;
R 13380 198508 276100;
R 13380 358725 116775;
R 13380 30385 438250;
R 13380 117570 423575;
R 13380 80615 132043;
R 13380 88578 375300;
R 13380 92593 487650;
R 13380 93610 182170;
R 13380 109698 179225;
R 13380 224463 85675;
R 13380 24078 183385;
R 13380 52158 259825;
R 13380 88650 318025;
R 13380 466225 214873;
R 13380 348725 188163;
R 13380 90160 235530;
R 13380 102175 403325;
R 13380 141180 307475;
R 13380 226373 424675;
R 13380 387975 425650;
R 13380 255150 131643;
R 13380 177748 79933;
R 13380 140710 491450;
R 13380 90575 165778;
R 13380 368900 180975;
R 13380 197948 63888;
R 13380 77893 109223;
R 13380 360650 440425;
R 13380 226083 309175;
R 13380 481175 103640;
R 13380 98548 78488;
R 13380 33000 247435;
R 13380 48538 209328;
R 13380 118572 467825;
R 13380 200088 405900;
R 13380 121943 212373;
R 13380 81860 200015;
R 13380 38130 314625;
R 13380 209413 378900;
R 13380 415125 379125;
R 13380 248995 287225;
R 13380 238307 26165;
R 13380 154780 158458;
R 13380 266875 118123;
R 13380 257600 456150;
R 13380 258200 101418;
R 13380 10991 410875;
R 13380 80390 477075;
R 13380 672 100822;
R 13380 165085 263250;
R 13380 289125 196948;
R 13380 188455 443225;
R 13380 363300 53315;
R 13380 104728 213903;
R 13380 210700 75265;
R 13380 28275 421750;
R 13380 87910 215660;
R 13380 427250 13535;
R 13380 269175 444900;
R 13380 303675 89760;
R 13380 59320 11110;
R 13380 85165 440900;
R 13380 79885 93285;
R 13380 475775 21692;
R 13380 261625 410625;
R 13380 414525 446600;
R 13380 81993 76913;
R 13380 11389 147858;
R 13380 293225 101957;
R 13380 46205 21354;
R 13380 98268 198758;
R 13380 218305 59185;
R 13380 185610 95298;
R 13380 7931 272025;
R 13380 466800 260050;
R 13380 464900 347950;
R 13380 236643 244173;
R 13380 486650 379800;
R 13380 153065 228888;
R 13380 146035 333775;
R 13380 120015 353000;
R 13380 290550 163953;
R 13380 261900 274600;
R 13380 147670 9095;
R 13380 463025 427125;
R 13380 190398 476200;
R 13380 209138 471300;
R 13380 499800 477275;
R 13380 376775 117770;
R 13380 64583 241985;
R 13380 136378 291825;
R 13380 194390 79858;
R 13380 132443 324975;
R 13380 344700 278800;
R 13380 477025 186818;
R 13380 50408 367325;
R 13380 493425 300750;
R 13380 262550 5453;
R 13380 348275 452825;
R 13380 55037 310600;
R 13380 346725 231182;
R 13380 11636 465400;
R 13380 24127 476050;
R 13380 288125 494525;
R 13380 311750 220935;
R 13380 178830 497575;
R 13380 46095 800;
R 13380 258000 156275;
R 13380 47830 39255;
R 13380 28495 153600;
R 13380 167628 218068;
R 13380 260150 220578;
R 13380 87895 354700;
R 13380 130215 258375;
R 13380 176445 381075;
R 13380 227883 336050;
R 13380 386525 249275;
R 13380 336425 464900;
R 13380 180825 181845;
R 13380 98815 274300;
R 13380 462950 499100;
R 13380 71558 384800;
R 13380 170960 24602;
R 13380 27465 333400;
R 13380 396600 446025;
R 13380 283625 84705;
R 13380 70855 463450;
R 13380 207215 18781;
R 13380 468525 69500;
R 13380 239527 150495;
R 13380 127975 65478;
R 13380 212540 348725;
R 13380 225298 229695;
R 13380 105508 230565;
R 13380 31548 101840;
R 13380 162578 333400;
R 13380 300750 399925;
R 13380 379250 348750;
R 13380 309800 71050;
R 13380 29178 82128;
R 13380 225568 115318;
R 13380 134403 397300;
R 13380 245258 265375;
R 13380 463 160368;
R 13380 385900 85673;
R 13380 328725 24724;
R 13380 239153 130118;
R 13380 106865 158168;
R 13380 225813 11627;
R 13380 476425 447125;
R 13380 162345 56353;
R 13380 137420 170460;
R 13380 267775 235010;
R 13380 285425 281750;
R 13380 169278 234235;
R 13380 299525 374575;
R 13380 437775 310575;
R 13380 392975 303750;
R 13380 381250 331850;
R 13380 368825 362675;
R 13380 118408 335425;
R 13380 154213 24095;
R 13380 380725 214480;
R 13380 444275 185773;
R 13380 343950 484900;
R 13380 416050 81908;
R 13380 453525 161790;
R 13380 94138 290950;
R 13380 234683 101860;
R 13380 483 346150;
R 13380 179863 333325;
R 13380 321125 120715;
R 13380 253800 73310;
R 13380 446775 116470;
R 13380 258775 300075;
R 13380 397300 200255;
R 13380 194490 210955;
R 13380 365350 456150;
R 13380 85590 393750;
R 13380 175023 413875;
R 13380 316025 299525;
R 13380 424350 30278;
R 13380 116120 15497;
R 13380 219698 29968;
R 13380 240028 204710;
R 13380 395600 323525;
R 13380 242425 462425;
R 13380 34175 48943;
R 13380 247888 429400;
R 13380 111678 62990;
R 13380 497450 493225;
R 13380 42528 143905;
R 13380 448850 78970;
R 13380 200495 179975;
R 13380 358375 68663;
R 13380 333175 196313;
R 13380 490200 173965;
R 13380 133935 19136;
R 13380 347225 297850;
R 13380 277425 263600;
R 13380 312000 40548;
R 13380 438650 147008;
R 13380 424625 52018;
R 13380 313450 492575;
R 13380 78665 495900;
R 13380 246023 11497;
R 13380 266650 85355;
R 13380 105720 133728;
R 13380 218208 101010;
R 13380 344525 331525;
R 13380 272550 326025;
R 13380 1650 84300;
R 13380 424000 175513;
R 13380 45530 330700;
R 13380 218328 275000;
R 13380 202373 454950;
R 13380 151015 477825;
R 13380 384225 368275;
R 13380 409050 162290;
R 13380 332050 73840;
R 13380 73703 159638;
R 13380 255650 370300;
R 13380 201510 109185;
R 13380 394800 154300;
R 13380 193943 30435;
R 13380 133520 435375;
R 13380 432075 83190;
R 13380 280200 176903;
R 13380 394800 57223;
R 13380 214832 323725;
R 13380 273325 142070;
R 13380 298250 440950;
R 13380 330850 177713;
R 13380 192500 252200;
R 13380 424000 365275;
R 13380 492775 190925;
R 13380 256100 323800;
R 13380 398225 380200;
R 13380 418200 413775;
R 13380 430825 390750;
R 13380 348200 42373;
R 13380 282825 371950;
R 13380 120528 405850;
R 13380 102190 384125;
R 13380 308975 202820;
R 13380 496400 139280;
R 13380 21492 384450;
R 13380 285075 477250;
R 13380 318475 188715;
R 13380 414575 467025;
R 13380 257425 203950;
R 13380 289125 387625;
R 13380 138048 466900;
R 13380 269900 381575;
R 13380 459775 179928;
R 13380 196630 296200;
R 13380 281325 226178;
R 13380 185555 235485;
R 13380 293925 42285;
R 13380 425175 239445;
R 13380 319700 274025;
R 13380 455750 412325;
R 13380 404400 429950;
R 13380 495450 11249;
R 13380 478800 467000;
R 13380 361500 326625;
R 13380 492550 362400;
R 13380 459975 131418;
R 13380 54210 460600;
R 13380 394950 113703;
R 13380 370075 164958;
R 13380 333250 138193;
R 13380 423175 302300;
R 13380 121768 143025;
R 13380 465350 478875;
R 13380 172745 481250;
R 13380 365775 394150;
R 13380 332500 358775;
R 13380 475275 292775;
R 13380 260400 21742;
R 13380 441250 233830;
R 13380 201875 364050;
R 13380 276825 209748;
R 13380 316875 396475;
R 13380 246440 170895;
R 13380 430675 481375;
R 13380 10868 113703;
R 13380 383325 409150;
R 13380 162698 465550;
R 13380 16637 36518;
R 13380 150900 454475;
R 13380 29785 493450;
R 13380 447000 39403;
R 13380 448300 266050;
R 13380 406525 274725;
R 13380 376575 146943;
R 13380 103062 364050;
R 13380 139083 237543;
R 13380 273575 70425;
R 13380 435925 412175;
R 13380 10510 296775;
R 13380 401525 361150;
R 13380 184195 12869;
R 13380 295750 464875;
R 13380 35143 350450;
R 13380 489775 72763;
R 13380 152188 210735;
R 13380 472350 412275;
R 13380 129390 49010;
R 13380 435500 329400;
R 13380 408150 47940;
R 13380 340675 154103;
R 13380 15765 197470;
R 13380 361925 236475;
R 13380 46885 181738;
R 13380 60280 294825;
R 13380 136465 414025;
R 13380 361075 376800;
R 13380 371000 78638;
R 13380 446750 396825;
R 13380 319525 235890;
R 13380 387400 131745;
R 13380 246175 89553;
R 13380 18635 348700;
R 13380 61085 98268;
R 13380 108410 29830;
R 13380 113078 88750;
R 13380 472450 169895;
R 13380 407300 243220;
R 13380 429650 113673;
R 13380 128313 105583;
R 13380 64538 447425;
R 13380 16699 94693;
R 13380 190563 165908;
R 13380 289725 298150;
R 13380 18561 224940;
R 13380 25508 400700;
R 13380 62110 80393;
R 13380 421775 143070;
R 13380 485550 399150;
R 13380 377725 498875;
R 13380 384350 456800;
R 13380 435100 441750;
R 13380 461175 458475;
R 13380 479675 204558;
R 13380 348025 408975;
R 13380 42070 127723;
R 13380 74303 307150;
R 13380 84008 335950;
R 13380 36840 223173;
R 13380 484075 36405;
R 13380 401000 94055;
R 13380 182300 273025;
R 13380 422675 97815;
R 13380 378800 441175;
R 13380 470600 380050;
R 13380 391750 394900;
R 13380 250900 494325;
R 13380 464300 305000;
R 13380 33353 366625;
R 13380 316425 253200;
R 13380 175483 44863;
R 13380 481350 314050;
R 13380 491425 326825;
