R 10926 101783 34335;
R 10926 53093 439625;
R 10926 166935 123243;
R 10926 339625 77235;
R 10926 435750 373750;
R 10926 39780 444350;
R 10926 394225 152145;
R 10926 67050 85635;
R 10926 227240 273325;
R 10926 79870 419425;
R 10926 430650 40078;
R 10926 198710 19869;
R 10926 274550 365550;
R 10926 203738 300300;
R 10926 276275 208748;
R 10926 358975 100518;
R 10926 68900 438225;
R 10926 223898 489650;
R 10926 25240 240917;
R 10926 407900 67465;
R 10926 261000 450025;
R 10926 317975 221363;
R 10926 478175 316475;
R 10926 265550 282700;
R 10926 285750 83723;
R 10926 37445 51513;
R 10926 159463 214843;
R 10926 395900 493525;
R 10926 91495 181835;
R 10926 491950 257575;
R 10926 422875 27485;
R 10926 368175 469375;
R 10926 71208 11848;
R 10926 315675 141600;
R 10926 20700 160115;
R 10926 307425 13496;
R 10926 12466 10453;
R 10926 224688 346875;
R 10926 268950 98398;
R 10926 126515 126565;
R 10926 465850 187523;
R 10926 227323 77925;
R 10926 242140 288025;
R 10926 115400 241337;
R 10926 77060 264675;
R 10926 418800 83810;
R 10926 222383 197570;
R 10926 384275 164498;
R 10926 389100 327775;
R 10926 26625 61055;
R 10926 144043 237240;
R 10926 302475 332325;
R 10926 415275 175000;
R 10926 193650 186448;
R 10926 207350 423825;
R 10926 417225 325250;
R 10926 144198 54700;
R 10926 396400 177108;
R 10926 327800 65705;
R 10926 338150 338900;
R 10926 188768 377425;
R 10926 373825 328050;
R 10926 459125 216195;
R 10926 191453 307300;
R 10926 123725 271050;
R 10926 168090 442550;
R 10926 228152 370200;
R 10926 481875 109813;
R 10926 18666 412325;
R 10926 432925 256100;
R 10926 228255 293150;
R 10926 420950 149963;
R 10926 109935 95560;
R 10926 374775 284650;
R 10926 183825 88320;
R 10926 385900 134905;
R 10926 448075 395775;
R 10926 274500 10264;
R 10926 176708 181733;
R 10926 62870 107930;
R 10926 362600 343925;
R 10926 322725 335850;
R 10926 86173 109858;
R 10926 269000 245570;
R 10926 388700 67590;
R 10926 381100 86673;
R 10926 106248 316050;
R 10926 367275 297375;
R 10926 95063 337750;
R 10926 198810 50060;
R 10926 48470 491525;
R 10926 333000 396650;
R 10926 260075 331775;
R 10926 184230 436875;
R 10926 294500 68985;
R 10926 179728 39330;
R 10926 307475 259525;
R 10926 405800 471025;
R 10926 383475 295000;
R 10926 377200 481500;
R 10926 11321 145893;
R 10926 36905 392050;
R 10926 15035 311700;
R 10926 75158 294250;
R 10926 169428 411125;
R 10926 83760 406425;
R 10926 394650 103180;
R 10926 211318 189773;
R 10926 433425 86893;
R 10926 340300 430375;
R 10926 342050 231268;
R 10926 478200 70603;
R 10926 348500 56837;
R 10926 208723 115752;
R 10926 183840 341450;
R 10926 141213 161453;
R 10926 110060 48173;
R 10926 425575 202000;
R 10926 226715 130503;
R 10926 10646 86398;
R 10926 269850 315775;
R 10926 240258 303875;
R 10926 323475 473775;
R 10926 328650 136000;
R 10926 147055 15354;
R 10926 110968 264650;
R 10926 456975 367900;
R 10926 152090 149328;
R 10926 37068 417725;
R 10926 278825 125960;
R 10926 54878 218485;
R 10926 188813 9786;
R 10926 405850 333450;
R 10926 195715 402900;
R 10926 292050 423125;
R 10926 392450 480775;
R 10926 50430 96295;
R 10926 211293 348200;
R 10926 467950 116915;
R 10926 387075 368525;
R 10926 100638 168583;
R 10926 61935 159095;
R 10926 401400 48743;
R 10926 366975 79190;
R 10926 367000 235330;
R 10926 380775 497075;
R 10926 226653 211960;
R 10926 479425 390875;
R 10926 136045 334400;
R 10926 57803 297125;
R 10926 480175 181015;
R 10926 107948 215000;
R 10926 287600 144815;
R 10926 148450 426825;
R 10926 317200 401200;
R 10926 110493 394450;
R 10926 176068 372775;
R 10926 213550 168325;
R 10926 158453 134613;
R 10926 174860 52118;
R 10926 439100 119998;
R 10926 99938 435325;
R 10926 137510 36555;
R 10926 360025 179623;
R 10926 466000 139528;
R 10926 496850 408050;
R 10926 497975 478075;
R 10926 84405 58975;
R 10926 197120 98805;
R 10926 46643 284325;
R 10926 235043 227960;
R 10926 222885 46348;
R 10926 401475 276300;
R 10926 346550 179675;
R 10926 29998 310550;
R 10926 318600 161395;
R 10926 374800 188588;
R 10926 129563 63575;
R 10926 383950 237653;
R 10926 118940 223545;
R 10926 474225 491625;
R 10926 335250 27888;
R 10926 36053 431400;
R 10926 91413 470825;
R 10926 447375 248525;
R 10926 212743 153613;
R 10926 185533 150985;
R 10926 9442 294775;
R 10926 174040 194788;
R 10926 246248 185230;
R 10926 290625 321300;
R 10926 497925 207230;
R 10926 496900 18568;
R 10926 12353 121050;
R 10926 85795 306425;
R 10926 110630 486475;
R 10926 346650 352400;
R 10926 64723 47335;
R 10926 355600 162320;
R 10926 310800 39648;
R 10926 130035 48735;
R 10926 89195 89035;
R 10926 469775 268350;
R 10926 246173 368600;
R 10926 130723 460100;
R 10926 344575 406550;
R 10926 279725 108173;
R 10926 123240 322675;
R 10926 275250 440150;
R 10926 290625 225015;
R 10926 306000 499050;
R 10926 56278 400225;
R 10926 391150 387725;
R 10926 130587 238410;
R 10926 81328 389225;
R 10926 333250 363875;
R 10926 208655 130375;
R 10926 327975 198373;
R 10926 368325 248500;
R 10926 264475 431500;
R 10926 254175 493150;
R 10926 88233 2967;
R 10926 144050 458175;
R 10926 314425 348625;
R 10926 212300 361475;
R 10926 71060 211038;
R 10926 160023 10265;
R 10926 138638 320250;
R 10926 227090 151748;
R 10926 30595 96750;
R 10926 299900 194823;
R 10926 372900 48448;
R 10926 300600 390700;
R 10926 210923 132;
R 10926 233473 430050;
R 10926 445975 100693;
R 10926 304050 285700;
R 10926 293675 238813;
R 10926 426525 225658;
R 10926 220333 19122;
R 10926 136178 87695;
R 10926 465800 56158;
R 10926 11582 364075;
R 10926 439425 284550;
R 10926 412675 217865;
R 10926 400100 9068;
R 10926 225425 312675;
R 10926 326675 486850;
R 10926 286025 376725;
R 10926 250925 134658;
R 10926 351250 298675;
R 10926 255950 262450;
R 10926 364450 270175;
R 10926 282125 56875;
R 10926 232330 331875;
R 10926 331825 281950;
R 10926 28878 458550;
R 10926 236595 45728;
R 10926 462700 429675;
R 10926 293175 38490;
R 10926 172898 490725;
R 10926 311275 480975;
R 10926 304850 469425;
R 10926 235978 202470;
R 10926 221140 232083;
R 10926 80728 225585;
R 10926 391225 452200;
R 10926 160215 337450;
R 10926 79558 175303;
R 10926 498450 330750;
R 10926 93315 324150;
R 10926 394600 228605;
R 10926 296525 95520;
R 10926 337600 214728;
R 10926 278100 471500;
R 10926 417225 437925;
R 10926 199558 386775;
R 10926 384325 436875;
R 10926 319600 179420;
R 10926 65890 470125;
R 10926 7781 168958;
R 10926 168168 348325;
R 10926 131640 212620;
R 10926 244050 151065;
R 10926 157468 458650;
R 10926 182785 478725;
R 10926 396850 79403;
R 10926 460300 199698;
R 10926 326225 14844;
R 10926 119850 437825;
R 10926 227623 173028;
R 10926 108733 285125;
R 10926 58183 33865;
R 10926 400750 364300;
R 10926 40913 364725;
R 10926 221767 442675;
R 10926 477175 158003;
R 10926 346675 391225;
R 10926 419925 245670;
R 10926 492600 371725;
R 10926 467925 291125;
R 10926 318925 50187;
R 10926 75918 120843;
R 10926 144713 182518;
R 10926 243228 100032;
R 10926 73358 238565;
R 10926 25877 36453;
R 10926 197530 156825;
R 10926 466200 19865;
R 10926 442150 496675;
R 10926 207873 456100;
R 10926 422375 266125;
R 10926 490575 489925;
R 10926 277175 186585;
R 10926 166620 471700;
R 10926 39523 173663;
R 10926 264000 184735;
R 10926 237420 488525;
R 10926 247655 383375;
R 10926 237765 414175;
R 10926 26915 222080;
R 10926 127648 291600;
R 10926 292400 182278;
R 10926 5752 376200;
R 10926 173008 79890;
R 10926 196890 77673;
R 10926 356550 70528;
R 10926 48333 15076;
R 10926 144948 210930;
R 10926 121198 109573;
R 10926 87943 212955;
R 10926 112027 61733;
R 10926 493175 311325;
R 10926 26295 6196;
R 10926 229405 186118;
R 10926 313350 94640;
R 10926 282725 161103;
R 10926 361375 428350;
R 10926 154508 495550;
R 10926 182378 168995;
R 10926 465150 393975;
R 10926 458825 256225;
R 10926 426500 167803;
R 10926 381400 109353;
R 10926 291300 22796;
R 10926 247510 342875;
R 10926 288050 252100;
R 10926 122905 178275;
R 10926 265925 34738;
R 10926 412950 309125;
R 10926 150518 311950;
R 10926 272250 148898;
R 10926 181358 230685;
R 10926 45785 475075;
R 10926 230428 30655;
R 10926 394175 265025;
R 10926 39990 226373;
R 10926 142698 489400;
R 10926 415800 16286;
R 10926 184793 107173;
R 10926 278225 349175;
R 10926 323950 443175;
R 10926 151640 67153;
R 10926 103808 464850;
R 10926 448850 232382;
R 10926 81880 364925;
R 10926 72488 376575;
R 10926 134645 438475;
R 10926 29678 403550;
R 10926 231193 468975;
R 10926 497125 178978;
R 10926 298350 368925;
R 10926 428775 390300;
R 10926 175910 391850;
R 10926 319125 461200;
R 10926 81215 462550;
R 10926 260025 21528;
R 10926 148835 263425;
R 10926 294000 485000;
R 10926 15310 329000;
R 10926 229938 5153;
R 10926 302050 312350;
R 10926 323225 33705;
R 10926 212845 387950;
R 10926 476900 43945;
R 10926 446525 312625;
R 10926 396425 347350;
R 10926 78490 152753;
R 10926 62408 456600;
R 10926 149568 224430;
R 10926 163373 172055;
R 10926 261150 86435;
R 10926 175708 458000;
R 10926 254225 43345;
R 10926 354975 248190;
R 10926 216550 331150;
R 10926 279450 414400;
R 10926 457100 382975;
R 10926 81918 192705;
R 10926 404075 439025;
R 10926 192883 131303;
R 10926 263025 356950;
R 10926 152800 98503;
R 10926 361450 495725;
R 10926 360550 407200;
R 10926 477350 404000;
R 10926 62868 484575;
R 10926 173348 157390;
R 10926 94008 352350;
R 10926 297150 449875;
R 10926 259725 395150;
R 10926 59080 266625;
R 10926 577 271200;
R 10926 36388 322250;
R 10926 283550 273900;
R 10926 478925 363350;
R 10926 312775 376025;
R 10926 63395 327300;
R 10926 279850 237638;
R 10926 86725 431650;
R 10926 493975 356275;
R 10926 135900 278475;
R 10926 260500 213845;
R 10926 475700 250725;
R 10926 263650 167020;
R 10926 243590 31178;
R 10926 347725 199023;
R 10926 89303 274025;
R 10926 99878 301000;
R 10926 436400 343850;
R 10926 355100 35333;
R 10926 311625 63533;
R 10926 456000 342700;
R 10926 20157 429075;
R 10926 196933 344350;
R 10926 73168 69508;
R 10926 208540 481125;
R 10926 210210 317525;
R 10926 331950 383400;
R 10926 330875 313475;
R 10926 459225 410450;
R 10926 67730 358575;
R 10926 497325 222490;
R 10926 434900 73453;
R 10926 45188 112553;
R 10926 343250 472675;
R 10926 6385 61190;
R 10926 54855 77778;
R 10926 83838 23836;
R 10926 311450 127448;
R 10926 92178 43673;
R 10926 444775 297550;
R 10926 11640 256750;
R 10926 34323 353350;
R 10926 244735 475325;
R 10926 204558 275250;
R 10926 37715 190155;
R 10926 16906 351950;
R 10926 484450 286550;
R 10926 123075 139925;
R 10926 195148 172388;
R 10926 171628 308050;
R 10926 102115 129603;
R 10926 408775 387150;
R 10926 410975 235123;
R 10926 240343 116447;
R 10926 461375 324525;
R 10926 376725 402600;
R 10926 325050 86075;
R 10926 34383 159940;
R 10926 254850 234210;
R 10926 93770 149743;
R 10926 431600 302950;
R 10926 166373 324775;
R 10926 298175 163485;
R 10926 265675 416425;
R 10926 341250 6370;
R 10926 127845 158198;
R 10926 181283 280625;
R 10926 336750 168593;
R 10926 33590 337375;
R 10926 179465 248913;
R 10926 479575 5217;
R 10926 7910 239683;
R 10926 296300 346575;
R 10926 306825 272625;
R 10926 197413 33960;
R 10926 73970 33083;
R 10926 247300 54585;
R 10926 90523 259775;
R 10926 464825 85398;
R 10926 155450 372675;
R 10926 431150 105918;
R 10926 405025 34940;
R 10926 251725 7491;
R 10926 38403 212012;
R 10926 160370 277200;
R 10926 426650 403800;
R 10926 364850 310300;
R 10926 396725 191210;
R 10926 498375 3118;
R 10926 427375 279175;
R 10926 481850 273625;
R 10926 18314 279200;
R 10926 32368 257100;
R 10926 149135 198195;
R 10926 417975 44385;
R 10926 112478 335800;
R 10926 309625 210708;
R 10926 479800 232362;
R 10926 145610 398450;
R 10926 438900 10915;
R 10926 265900 302475;
R 10926 384150 354700;
R 10926 453325 126425;
R 10926 389925 467375;
R 10926 111070 150803;
R 10926 450425 18920;
R 10926 347900 285200;
R 10926 418700 348975;
R 10926 466425 172200;
R 10926 146838 384275;
R 10926 192160 452650;
R 10926 238243 163800;
R 10926 367925 110578;
R 10926 438050 219098;
R 10926 220718 417950;
R 10926 370750 204005;
R 10926 300050 436775;
R 10926 129335 20644;
R 10926 408500 254975;
R 10926 401900 290975;
R 10926 479925 437750;
R 10926 384975 53585;
R 10926 208743 259925;
R 10926 27523 203722;
R 10926 284750 496300;
R 10926 147550 342875;
R 10926 441100 409475;
R 10926 131378 188843;
R 10926 155125 412075;
R 10926 449250 145990;
R 10926 59548 382900;
R 10926 184663 413150;
R 10926 495700 74385;
R 10926 151750 355525;
R 10926 277975 28650;
R 10926 98548 370075;
R 10926 141410 369575;
R 10926 424750 186518;
R 10926 265875 198653;
R 10926 115975 453950;
R 10926 215378 62195;
R 10926 478325 347300;
R 10926 130685 383275;
R 10926 12805 184913;
R 10926 426 434800;
R 10926 158573 187620;
R 10926 248365 321550;
R 10926 172010 292375;
R 10926 54860 56353;
R 10926 1171 389675;
R 10926 404725 128470;
R 10926 296400 112805;
R 10926 313750 319750;
R 10926 113960 168280;
R 10926 279225 394900;
R 10926 10842 398725;
R 10926 117490 302050;
R 10926 113700 122300;
R 10926 68580 345025;
R 10926 466375 357000;
R 10926 262400 376375;
R 10926 10402 223875;
R 10926 431475 478600;
R 10926 136560 474425;
R 10926 165968 109817;
R 10926 202085 235125;
R 10926 269450 264650;
R 10926 380300 313050;
R 10926 216490 99653;
R 10926 404525 404975;
R 10926 114310 76403;
R 10926 492375 45118;
R 10926 411125 493350;
R 10926 192928 496975;
R 10926 36060 23328;
R 10926 126103 419600;
R 10926 271500 46990;
R 10926 377675 386600;
R 10926 344125 98803;
R 10926 267575 230870;
R 10926 444925 271100;
R 10926 364125 22913;
R 10926 225068 405525;
R 10926 481600 23102;
R 10926 268625 136153;
R 10926 276550 73100;
R 10926 32477 487100;
R 10926 211105 33628;
R 10926 124768 252250;
R 10926 66133 413000;
R 10926 451600 422100;
R 10926 112778 425750;
R 10926 446675 36030;
R 10926 329925 258000;
R 10926 333600 244970;
R 10926 86170 130987;
R 10926 363600 360175;
R 10926 304000 51940;
R 10926 304225 413000;
R 10926 48125 42773;
R 10926 151498 478150;
R 10926 324975 295025;
R 10926 439950 176058;
R 10926 435750 452450;
R 10926 443900 360925;
R 10926 44765 65805;
R 10926 334100 111837;
R 10926 179810 138043;
R 10926 16763 453400;
R 10926 493325 162410;
R 10926 16143 384350;
R 10926 46428 241195;
R 10926 5851 196045;
R 10926 287450 287000;
R 10926 369200 144240;
R 10926 51715 205475;
R 10926 22369 109305;
R 10926 448050 82763;
R 10926 412350 373775;
R 10926 48563 352775;
R 10926 64675 228198;
R 10926 481450 330350;
R 10926 60738 177395;
R 10926 95403 398325;
R 10926 293475 131250;
R 10926 318700 282975;
R 10926 231755 383075;
R 10926 97090 64015;
R 10926 201010 205440;
R 10926 154118 247858;
R 10926 94235 490500;
R 10926 394400 247638;
R 10926 448925 440100;
R 10926 15636 477650;
R 10926 313275 429625;
R 10926 347425 267875;
R 10926 70405 307400;
R 10926 361525 284000;
R 10926 460175 71693;
R 10926 167260 235103;
R 10926 482675 93023;
R 10926 96260 383575;
R 10926 447425 196403;
R 10926 407700 97550;
R 10926 457325 7367;
R 10926 51415 310900;
R 10926 457575 493475;
R 10926 488175 58162;
R 10926 354900 10484;
R 10926 198260 361775;
R 10926 201073 470125;
R 10926 52955 189003;
R 10926 124858 395600;
R 10926 354000 454100;
R 10926 287700 302925;
R 10926 46305 257950;
R 10926 436100 153648;
R 10926 369700 127508;
R 10926 142188 127930;
R 10926 166645 65085;
R 10926 120985 199168;
R 10926 192473 289025;
R 10926 97005 200945;
R 10926 5916 41720;
R 10926 343825 137008;
R 10926 458400 279175;
R 10926 192788 425000;
R 10926 369975 418050;
R 10926 419875 136725;
R 10926 421400 61050;
R 10926 472075 448525;
R 10926 213478 83493;
R 10926 435800 433100;
R 10926 192420 64155;
R 10926 305125 79245;
R 10926 27190 296575;
R 10926 274375 458025;
R 10926 62935 128110;
R 10926 136475 357000;
R 10926 122588 347575;
R 10926 487550 448800;
R 10926 448500 464575;
R 10926 167758 33860;
R 10926 168750 96455;
R 10926 469825 475425;
R 10926 404675 142690;
R 10926 178288 359825;
R 10926 322300 1750;
R 10926 384100 208305;
R 10926 375350 33143;
R 10926 236943 64948;
R 10926 93333 246470;
R 10926 361450 384600;
R 10926 146425 444950;
R 10926 136025 301775;
R 10926 248473 432400;
R 10926 415100 419025;
R 10926 424475 363250;
R 10926 335625 53538;
R 10926 242798 17366;
R 10926 43340 299275;
R 10926 146178 286775;
R 10926 72478 138048;
R 10926 134373 102242;
R 10926 428675 332850;
R 10926 117053 374400;
R 10926 24866 78833;
R 10926 358225 211428;
R 10926 30650 124418;
R 10926 348525 317700;
R 10926 257150 151615;
R 10926 358950 479025;
R 10926 490725 192833;
R 10926 471925 419625;
R 10926 404375 202158;
R 10926 183975 318950;
R 10926 354075 224837;
R 10926 465800 103970;
R 10926 339650 491300;
R 10926 25513 172410;
R 10926 261325 116808;
R 10926 262550 60777;
R 10926 303225 150138;
R 10926 239110 397075;
R 10926 441300 50210;
R 10926 10768 490175;
R 10926 487000 135823;
R 10926 389600 408375;
R 10926 78605 482050;
R 10926 178140 23454;
R 10926 309425 233683;
R 10926 458425 160728;
R 10926 499725 132395;
R 10926 310875 447500;
R 10926 208838 222390;
R 10926 20302 132693;
R 10926 123678 479200;
R 10926 479325 462350;
R 10926 149320 85675;
R 10926 173368 5356;
R 10926 116118 19536;
R 10926 160293 391200;
R 10926 261700 481975;
R 10926 229213 103875;
R 10926 384825 14640;
R 10926 292150 463575;
R 10926 219347 462900;
R 10926 418350 120268;
R 10926 172758 209422;
R 10926 372100 7503;
R 10926 462050 42445;
R 10926 244807 78203;
R 10926 101270 78355;
R 10926 204640 438525;
R 10926 446950 67493;
R 10926 232270 357575;
R 10926 333675 418325;
R 10926 158208 295100;
R 10926 51410 150263;
R 10926 373675 173430;
R 10926 170483 424450;
R 10926 425025 4154;
R 10926 199645 328450;
R 10926 392375 117543;
R 10926 354275 330750;
R 10926 48783 459850;
R 10926 477325 300500;
R 10926 6766 419600;
R 10926 350000 377425;
R 10926 80903 446750;
R 10926 316225 306075;
R 10926 125450 2300;
R 10926 160255 52973;
R 10926 167723 265425;
R 10926 99163 115518;
R 10926 491975 424125;
R 10926 5721 461550;
R 10926 498450 112588;
R 10926 20910 48925;
R 10926 30445 375500;
R 10926 320200 116247;
R 10926 469375 374000;
R 10926 455975 476400;
R 10926 122990 361500;
R 10926 42723 405250;
R 10926 380600 265800;
R 10926 228130 256700;
R 10926 108705 186448;
