R 7726 190740 439475;
R 7726 450650 180640;
R 7726 114033 466300;
R 7726 493975 452675;
R 7726 279900 467700;
R 7726 100800 91423;
R 7726 389250 132355;
R 7726 320850 422625;
R 7726 181880 172090;
R 7726 16128 393900;
R 7726 62013 78080;
R 7726 315725 304525;
R 7726 461375 90160;
R 7726 273100 282475;
R 7726 1643 356950;
R 7726 381650 411475;
R 7726 210338 307550;
R 7726 172788 351100;
R 7726 450950 273225;
R 7726 468500 472375;
R 7726 497750 299525;
R 7726 284750 327550;
R 7726 61195 163265;
R 7726 317800 485875;
R 7726 112008 227210;
R 7726 454650 324300;
R 7726 209858 88050;
R 7726 127375 12798;
R 7726 218748 369725;
R 7726 426800 4120;
R 7726 351675 54278;
R 7726 217480 486250;
R 7726 494925 23855;
R 7726 231705 183393;
R 7726 35365 435875;
R 7726 350625 257800;
R 7726 278100 191775;
R 7726 44005 293675;
R 7726 304750 114823;
R 7726 361500 234883;
R 7726 481500 249905;
R 7726 417750 291625;
R 7726 382775 238670;
R 7726 58315 220695;
R 7726 47498 223118;
R 7726 298750 414575;
R 7726 67843 229935;
R 7726 212470 496200;
R 7726 246855 123160;
R 7726 177600 404975;
R 7726 193468 60138;
R 7726 8888 30018;
R 7726 421650 139945;
R 7726 40065 149933;
R 7726 263825 426825;
R 7726 173 345650;
R 7726 304225 386925;
R 7726 22772 159995;
R 7726 375825 137788;
R 7726 213248 28900;
R 7726 289775 249550;
R 7726 203220 469750;
R 7726 194010 243408;
R 7726 490825 51707;
R 7726 205938 107053;
R 7726 186903 462275;
R 7726 319750 18515;
R 7726 40198 229130;
R 7726 366650 152225;
R 7726 463175 298500;
R 7726 17305 106515;
R 7726 483600 686;
R 7726 413100 41563;
R 7726 98280 142958;
R 7726 252275 187975;
R 7726 268825 461800;
R 7726 419925 486250;
R 7726 139643 416925;
R 7726 126310 332775;
R 7726 160200 358450;
R 7726 292250 10014;
R 7726 143258 448475;
R 7726 294125 219260;
R 7726 44953 20699;
R 7726 77938 273800;
R 7726 267525 319775;
R 7726 462375 53078;
R 7726 137675 489100;
R 7726 177740 268075;
R 7726 92233 488425;
R 7726 188373 93080;
R 7726 220313 342325;
R 7726 323250 465300;
R 7726 33185 306475;
R 7726 428275 100327;
R 7726 396850 410825;
R 7726 416025 123105;
R 7726 215953 427450;
R 7726 314750 495400;
R 7726 374700 104765;
R 7726 429225 296450;
R 7726 397375 326475;
R 7726 107292 175330;
R 7726 180228 372850;
R 7726 304425 425100;
R 7726 154963 436050;
R 7726 75513 86855;
R 7726 67488 214353;
R 7726 252800 50820;
R 7726 126698 70075;
R 7726 498125 383825;
R 7726 491050 95368;
R 7726 1847 308300;
R 7726 374375 452625;
R 7726 437225 339175;
R 7726 198265 15954;
R 7726 231795 388250;
R 7726 394550 123853;
R 7726 340300 451775;
R 7726 250100 490875;
R 7726 198028 426975;
R 7726 137390 299675;
R 7726 77700 296875;
R 7726 236108 420175;
R 7726 188458 163383;
R 7726 383300 428150;
R 7726 301225 196188;
R 7726 484100 217825;
R 7726 437975 96813;
R 7726 28795 471900;
R 7726 336950 230090;
R 7726 422525 335400;
R 7726 440950 201085;
R 7726 202815 414725;
R 7726 52660 175013;
R 7726 37200 339050;
R 7726 43963 322425;
R 7726 399175 237323;
R 7726 179125 305025;
R 7726 144260 191095;
R 7726 461000 278450;
R 7726 116760 184303;
R 7726 117523 61933;
R 7726 127065 392900;
R 7726 421525 438050;
R 7726 347050 5138;
R 7726 75580 114530;
R 7726 181203 320600;
R 7726 371300 261150;
R 7726 432950 375000;
R 7726 451450 3747;
R 7726 63853 28300;
R 7726 146653 172738;
R 7726 263025 230008;
R 7726 75603 71420;
R 7726 407275 141900;
R 7726 483625 490375;
R 7726 400775 149675;
R 7726 231770 430300;
R 7726 121850 280575;
R 7726 110875 367800;
R 7726 380750 1583;
R 7726 95828 358200;
R 7726 470650 497775;
R 7726 163698 455225;
R 7726 15786 216788;
R 7726 225040 423600;
R 7726 240273 71435;
R 7726 156330 31655;
R 7726 2495 286975;
R 7726 343900 395575;
R 7726 398725 186023;
R 7726 448950 248130;
R 7726 83793 361300;
R 7726 449800 25933;
R 7726 240400 270200;
R 7726 362050 30633;
R 7726 78088 314675;
R 7726 361100 300600;
R 7726 238870 111633;
R 7726 441225 253350;
R 7726 412875 370500;
R 7726 372100 48685;
R 7726 35388 283950;
R 7726 309475 170963;
R 7726 366050 181868;
R 7726 430350 350875;
R 7726 394850 48385;
R 7726 204310 343925;
R 7726 27703 363700;
R 7726 123202 32073;
R 7726 273750 166675;
R 7726 311750 146000;
R 7726 226475 399325;
R 7726 314450 473675;
R 7726 457725 118005;
R 7726 472450 277800;
R 7726 345825 460900;
R 7726 420225 26190;
R 7726 370475 120503;
R 7726 495100 149490;
R 7726 463100 185085;
R 7726 3414 62287;
R 7726 284975 127105;
R 7726 184505 430650;
R 7726 287650 435675;
R 7726 334425 489550;
R 7726 243108 389150;
R 7726 243797 332500;
R 7726 114875 3486;
R 7726 64073 434400;
R 7726 198350 358000;
R 7726 84633 27870;
R 7726 110320 287400;
R 7726 42880 423950;
R 7726 295250 164163;
R 7726 212663 73890;
R 7726 217345 466475;
R 7726 356100 250225;
R 7726 358450 414175;
R 7726 245840 420650;
R 7726 148193 348975;
R 7726 3600 394825;
R 7726 63755 411900;
R 7726 43213 100283;
R 7726 295000 347025;
R 7726 199868 326650;
R 7726 18446 82888;
R 7726 277925 86093;
R 7726 221983 387575;
R 7726 9083 119660;
R 7726 72685 447650;
R 7726 167840 166038;
R 7726 208593 400525;
R 7726 480450 456275;
R 7726 275850 102125;
R 7726 208833 167478;
R 7726 46543 444450;
R 7726 190508 281325;
R 7726 442825 480950;
R 7726 39328 486175;
R 7726 438725 263475;
R 7726 127910 433575;
R 7726 349025 156783;
R 7726 163120 370400;
R 7726 481750 46383;
R 7726 21444 56985;
R 7726 293850 317850;
R 7726 306375 463850;
R 7726 224282 45005;
R 7726 105043 399375;
R 7726 422375 245025;
R 7726 438650 300575;
R 7726 154123 164208;
R 7726 65163 275975;
R 7726 15003 168043;
R 7726 494750 406200;
R 7726 426400 45495;
R 7726 148418 43080;
R 7726 481950 80233;
R 7726 46240 57573;
R 7726 464875 461100;
R 7726 10252 337250;
R 7726 148928 377200;
R 7726 488225 465975;
R 7726 161693 89545;
R 7726 417425 150523;
R 7726 108688 433650;
R 7726 91345 150960;
R 7726 454000 454775;
R 7726 335725 78360;
R 7726 302000 207005;
R 7726 395600 7954;
R 7726 110825 410150;
R 7726 341775 183868;
R 7726 418000 63810;
R 7726 236375 80033;
R 7726 31153 105240;
R 7726 408950 108023;
R 7726 425500 109455;
R 7726 369625 289900;
R 7726 10357 177520;
R 7726 402650 358425;
R 7726 493575 276725;
R 7726 150010 463800;
R 7726 494125 2232;
R 7726 457700 212525;
R 7726 286250 186500;
R 7726 262400 29563;
R 7726 229803 371375;
R 7726 137873 27068;
R 7726 474375 305850;
R 7726 35435 25975;
R 7726 97660 104733;
R 7726 462750 42673;
R 7726 425325 425575;
R 7726 358950 143658;
R 7726 34033 317200;
R 7726 369300 23930;
R 7726 127383 288475;
R 7726 345525 349600;
R 7726 26060 390000;
R 7726 381275 27595;
R 7726 412300 229823;
R 7726 290150 270975;
R 7726 319175 323500;
R 7726 249970 107965;
R 7726 12556 40608;
R 7726 496450 426925;
R 7726 399175 385375;
R 7726 82683 327575;
R 7726 496625 82793;
R 7726 114835 218268;
R 7726 168995 28223;
R 7726 427250 202950;
R 7726 335725 17642;
R 7726 244620 464375;
R 7726 402950 42620;
R 7726 94778 116928;
R 7726 424850 368075;
R 7726 370175 250800;
R 7726 499525 473250;
R 7726 4811 261300;
R 7726 357525 391100;
R 7726 390475 449400;
R 7726 137823 15459;
R 7726 313125 275625;
R 7726 303700 493525;
R 7726 99593 324900;
R 7726 256300 117992;
R 7726 18236 132095;
R 7726 184813 487150;
R 7726 380800 377600;
R 7726 269975 347950;
R 7726 283550 151343;
R 7726 120258 117110;
R 7726 214107 359975;
R 7726 164683 321675;
R 7726 214315 13251;
R 7726 25927 35870;
R 7726 135513 243630;
R 7726 232465 275575;
R 7726 40913 387275;
R 7726 59928 90098;
R 7726 52938 401425;
R 7726 81585 150643;
R 7726 388225 403850;
R 7726 439300 282000;
R 7726 308875 291000;
R 7726 62055 110823;
R 7726 263450 490950;
R 7726 298975 146725;
R 7726 90953 240350;
R 7726 282725 381;
R 7726 395350 494000;
R 7726 165938 42828;
R 7726 143538 289325;
R 7726 356525 179993;
R 7726 420750 186063;
R 7726 477850 68838;
R 7726 408650 267125;
R 7726 280350 316800;
R 7726 163068 480225;
R 7726 392075 231125;
R 7726 446650 343050;
R 7726 149595 476900;
R 7726 314125 8053;
R 7726 85778 85485;
R 7726 354675 403625;
R 7726 92410 393875;
R 7726 330625 409150;
R 7726 346475 316625;
R 7726 447025 145678;
R 7726 440675 173510;
R 7726 56228 139183;
R 7726 79650 214168;
R 7726 3678 159290;
R 7726 173968 18710;
R 7726 197298 78300;
R 7726 286200 338725;
R 7726 447275 82913;
R 7726 187208 405975;
R 7726 102103 308675;
R 7726 416975 397425;
R 7726 448900 12991;
R 7726 128980 49060;
R 7726 71865 177780;
R 7726 481800 371925;
R 7726 215395 229295;
R 7726 365275 399200;
R 7726 25470 185988;
R 7726 10668 246683;
R 7726 16678 322375;
R 7726 166163 219845;
R 7726 320900 399350;
R 7726 33775 373100;
R 7726 195220 348000;
R 7726 438800 438675;
R 7726 188505 40893;
R 7726 474300 435075;
R 7726 165078 196775;
R 7726 316050 221080;
R 7726 118830 259675;
R 7726 19524 462100;
R 7726 193533 69438;
R 7726 126943 493525;
R 7726 192235 109130;
R 7726 384475 365225;
R 7726 113115 147678;
R 7726 364150 165065;
R 7726 363350 267825;
R 7726 12863 151653;
R 7726 86445 168455;
R 7726 148615 389100;
R 7726 228118 219813;
R 7726 296075 450875;
R 7726 13630 475600;
R 7726 333750 320575;
R 7726 225860 331750;
R 7726 162843 181798;
R 7726 420875 450050;
R 7726 317525 158925;
R 7726 194490 122608;
R 7726 207325 288750;
R 7726 54155 471800;
R 7726 491775 415950;
R 7726 276100 139440;
R 7726 428875 13904;
R 7726 468450 237685;
R 7726 159895 391275;
R 7726 345800 37755;
R 7726 74470 463175;
R 7726 373 225188;
R 7726 42423 159175;
R 7726 120250 133480;
R 7726 389200 103133;
R 7726 106653 157440;
R 7726 253225 98163;
R 7726 129200 210440;
R 7726 100745 471350;
R 7726 180923 330875;
R 7726 137365 275625;
R 7726 115948 440275;
R 7726 179148 129915;
R 7726 22835 303700;
R 7726 98008 271025;
R 7726 388750 387650;
R 7726 485625 269975;
R 7726 98675 187998;
R 7726 41938 254550;
R 7726 435050 458625;
R 7726 368525 412925;
R 7726 298450 402175;
R 7726 351750 472350;
R 7726 463200 166033;
R 7726 215327 262225;
R 7726 134175 348150;
R 7726 206903 202740;
R 7726 31777 119305;
R 7726 382625 171908;
R 7726 51533 376325;
R 7726 127460 318925;
R 7726 496825 207295;
R 7726 462150 149043;
R 7726 467025 384175;
R 7726 147848 105913;
R 7726 443950 234415;
R 7726 60188 286500;
R 7726 464075 228020;
R 7726 42975 359450;
R 7726 303500 280400;
R 7726 283500 259250;
R 7726 497800 250525;
R 7726 397375 469575;
R 7726 157175 146918;
R 7726 239563 90070;
R 7726 103003 295750;
R 7726 60567 248478;
R 7726 106088 7466;
R 7726 107113 110112;
R 7726 242395 305775;
R 7726 186445 13217;
R 7726 304475 314000;
R 7726 26713 485725;
R 7726 449925 98158;
R 7726 296225 263525;
R 7726 353450 210115;
R 7726 186828 210815;
R 7726 16418 18109;
R 7726 219713 306325;
R 7726 416975 360700;
R 7726 248120 278950;
R 7726 823 487000;
R 7726 458475 429900;
R 7726 236828 27050;
R 7726 328700 218450;
R 7726 28285 69088;
R 7726 68700 266850;
R 7726 315675 236600;
R 7726 200630 440350;
R 7726 40850 476925;
R 7726 199620 489775;
R 7726 178668 389825;
R 7726 464575 395200;
R 7726 397125 346425;
R 7726 190198 330900;
R 7726 396675 195323;
R 7726 202680 190480;
R 7726 260875 130278;
R 7726 191575 321625;
R 7726 276325 438100;
R 7726 330575 452575;
R 7726 308850 365000;
R 7726 237570 441850;
R 7726 169630 51805;
R 7726 345950 138253;
R 7726 161365 105898;
R 7726 80850 130915;
R 7726 327275 128410;
R 7726 174605 159353;
R 7726 150285 428025;
R 7726 252500 401925;
R 7726 232748 360825;
R 7726 190853 225813;
R 7726 497425 127233;
R 7726 314400 388775;
R 7726 325050 147148;
R 7726 114083 14501;
R 7726 165118 232068;
R 7726 259750 455775;
R 7726 148060 489875;
R 7726 317425 284475;
R 7726 262825 194608;
R 7726 411125 50743;
R 7726 91405 334275;
R 7726 225835 481625;
R 7726 425650 278525;
R 7726 310575 255525;
R 7726 213448 97020;
R 7726 228395 494400;
R 7726 19861 426825;
R 7726 330375 333325;
R 7726 24018 435150;
R 7726 154960 282000;
R 7726 366300 67908;
R 7726 493475 396025;
R 7726 327900 496650;
R 7726 302525 186795;
R 7726 42470 118490;
R 7726 323775 48788;
R 7726 61048 482850;
R 7726 197088 381500;
R 7726 287775 116962;
R 7726 366250 441400;
R 7726 485850 444150;
R 7726 273100 393075;
R 7726 211585 454975;
R 7726 52402 318250;
R 7726 6246 5495;
R 7726 484800 282250;
R 7726 78655 499350;
R 7726 260825 287800;
R 7726 100973 494750;
R 7726 259525 265625;
R 7726 460125 440750;
R 7726 233085 460600;
R 7726 199055 145670;
R 7726 385900 477875;
R 7726 179648 441950;
R 7726 252500 348050;
R 7726 59935 354400;
R 7726 100063 35548;
R 7726 453850 222620;
R 7726 482625 29923;
R 7726 491325 349025;
R 7726 147880 138688;
R 7726 301550 244140;
R 7726 106515 457750;
R 7726 435700 28568;
R 7726 64173 340600;
R 7726 17124 261125;
R 7726 326425 481625;
R 7726 353125 23789;
R 7726 39500 459475;
R 7726 397875 254950;
R 7726 264400 445325;
R 7726 70313 250025;
R 7726 327750 235080;
R 7726 80020 15927;
R 7726 242680 232843;
R 7726 495775 194888;
R 7726 245550 201188;
R 7726 471000 452025;
R 7726 180488 417275;
R 7726 384775 217320;
R 7726 421650 76273;
R 7726 352125 361775;
R 7726 139478 335975;
R 7726 22071 278475;
R 7726 469575 208898;
R 7726 335375 384875;
R 7726 268300 376825;
R 7726 147023 19869;
R 7726 231070 286875;
R 7726 224308 410800;
R 7726 407850 446400;
R 7726 452575 464775;
R 7726 340450 367200;
R 7726 406200 84995;
R 7726 138843 134303;
R 7726 306000 101950;
R 7726 117130 244868;
R 7726 411000 214170;
R 7726 230768 316825;
R 7726 352900 97745;
R 7726 175433 224165;
R 7726 391575 302500;
R 7726 404075 298875;
R 7726 378525 199518;
R 7726 93535 77430;
R 7726 55520 238793;
R 7726 79065 384200;
R 7726 199748 1766;
R 7726 217303 128398;
R 7726 340550 308025;
R 7726 155528 324825;
R 7726 482825 132180;
R 7726 201388 390000;
R 7726 43938 303375;
R 7726 224138 89340;
R 7726 159883 348375;
R 7726 170948 97070;
R 7726 290675 485275;
R 7726 312250 265400;
R 7726 469450 365800;
R 7726 426875 131138;
R 7726 338325 403700;
R 7726 228345 6983;
R 7726 402600 100985;
R 7726 26878 352000;
R 7726 294100 80188;
R 7726 265800 300825;
R 7726 227712 266425;
R 7726 26338 220725;
R 7726 100933 46938;
R 7726 402350 334825;
R 7726 62145 388875;
R 7726 227710 117565;
R 7726 335400 277750;
R 7726 388675 459750;
R 7726 478425 422125;
R 7726 258300 308675;
R 7726 167488 140413;
R 7726 334575 158295;
R 7726 289275 206690;
R 7726 170783 189330;
R 7726 260600 166630;
R 7726 410550 202388;
R 7726 458550 237828;
R 7726 303575 323525;
R 7726 339450 297800;
R 7726 387625 344425;
R 7726 337825 120645;
R 7726 89330 415250;
R 7726 20423 382075;
R 7726 464225 265350;
R 7726 463450 29920;
R 7726 51915 44003;
R 7726 155740 54685;
R 7726 68420 296725;
R 7726 406475 281200;
R 7726 60090 450150;
R 7726 55495 296725;
R 7726 88120 109797;
R 7726 455550 416975;
R 7726 83508 348875;
R 7726 346000 485100;
R 7726 227695 171703;
R 7726 198430 39688;
R 7726 29215 141683;
R 7726 297600 467100;
R 7726 430775 165875;
R 7726 426000 316550;
R 7726 185173 352275;
R 7726 489925 160008;
R 7726 62190 182733;
R 7726 156638 339125;
R 7726 482000 236205;
R 7726 472125 247793;
R 7726 66138 499325;
R 7726 146563 149710;
R 7726 325500 118775;
R 7726 100705 20608;
R 7726 431275 61100;
R 7726 6247 52740;
R 7726 103850 222705;
R 7726 311575 353250;
R 7726 167820 441600;
R 7726 438900 111578;
R 7726 283475 353000;
R 7726 246265 145248;
R 7726 398125 459350;
R 7726 85363 228748;
R 7726 119320 357400;
R 7726 191293 418925;
R 7726 76275 198310;
R 7726 227883 158088;
R 7726 238355 174190;
R 7726 207497 135480;
R 7726 309475 330950;
R 7726 330150 197623;
R 7726 384225 124203;
R 7726 434100 124750;
R 7726 168158 498025;
R 7726 410275 187880;
R 7726 255825 380475;
R 7726 280550 306300;
R 7726 101635 350475;
R 7726 498900 369350;
R 7726 160573 253125;
R 7726 142653 69840;
R 7726 419000 497400;
R 7726 318675 70135;
R 7726 89363 404050;
R 7726 58508 100490;
R 7726 375350 483750;
R 7726 476050 168033;
R 7726 87868 427425;
R 7726 177213 359850;
R 7726 479950 151715;
R 7726 478925 142275;
R 7726 261400 15073;
R 7726 102550 209928;
R 7726 92080 317225;
R 7726 470775 93835;
R 7726 19346 116330;
R 7726 147628 118365;
R 7726 324950 164793;
R 7726 69705 488225;
R 7726 295575 366350;
R 7726 35198 60003;
R 7726 432975 84798;
R 7726 301925 88635;
R 7726 402925 373225;
R 7726 70520 424700;
R 7726 559 335000;
R 7726 110017 271900;
R 7726 348975 75158;
R 7726 96308 367850;
R 7726 283975 223795;
R 7726 468100 411200;
R 7726 218480 324125;
R 7726 243068 13412;
R 7726 166783 332800;
R 7726 362300 454075;
R 7726 439700 417750;
R 7726 252100 255600;
R 7726 331625 373250;
R 7726 4595 199820;
R 7726 218398 209580;
R 7726 448525 50850;
R 7726 445650 289050;
R 7726 13963 490750;
R 7726 434800 69755;
R 7726 478850 342700;
R 7726 375325 335150;
R 7726 251600 296425;
R 7726 66915 119925;
R 7726 129960 259775;
R 7726 8721 382375;
R 7726 374000 214998;
R 7726 377425 270975;
R 7726 274175 230365;
R 7726 142495 436200;
R 7726 270100 480300;
R 7726 207275 433700;
R 7726 418125 473075;
R 7726 416050 101793;
R 7726 73060 398975;
R 7726 94875 173895;
R 7726 185385 197658;
R 7726 427300 401350;
R 7726 410025 324225;
R 7726 411800 425400;
R 7726 80888 475175;
R 7726 276050 64735;
R 7726 185278 262025;
R 7726 282750 421600;
R 7726 70485 128545;
R 7726 410975 380550;
R 7726 24447 245648;
R 7726 8500 419700;
R 7726 52790 257500;
R 7726 105268 197540;
R 7726 319975 94463;
R 7726 232518 249265;
R 7726 408300 487675;
R 7726 200673 178435;
R 7726 116830 489750;
R 7726 88818 3165;
