R 12616 85748 31045;
R 12616 160138 20858;
R 12616 405450 158768;
R 12616 383200 180553;
R 12616 340700 217710;
R 12616 382250 294725;
R 12616 443350 269725;
R 12616 277775 11465;
R 12616 425825 306800;
R 12616 279075 322025;
R 12616 177565 60777;
R 12616 235900 83285;
R 12616 197953 382050;
R 12616 43568 424200;
R 12616 101147 265125;
R 12616 70720 181768;
R 12616 447000 195803;
R 12616 421525 230650;
R 12616 147563 446225;
R 12616 129780 233412;
R 12616 144490 177823;
R 12616 472625 211335;
R 12616 270000 466225;
R 12616 33740 168465;
R 12616 149775 425800;
R 12616 153515 120205;
R 12616 236825 478700;
R 12616 107025 86548;
R 12616 223798 451475;
R 12616 301650 54458;
R 12616 468800 310675;
R 12616 476900 469500;
R 12616 268125 89558;
R 12616 212160 123468;
R 12616 371275 204980;
R 12616 283250 26715;
R 12616 9425 278075;
R 12616 318075 178455;
R 12616 206372 274425;
R 12616 485400 279075;
R 12616 408400 221625;
R 12616 40083 81443;
R 12616 78453 309000;
R 12616 406000 73298;
R 12616 83690 323500;
R 12616 495600 32668;
R 12616 42883 469400;
R 12616 407250 8876;
R 12616 465325 79320;
R 12616 470925 109435;
R 12616 247728 397975;
R 12616 164260 419325;
R 12616 410800 368375;
R 12616 71623 84003;
R 12616 10333 385675;
R 12616 165313 345200;
R 12616 179160 374975;
R 12616 168030 477000;
R 12616 8117 16741;
R 12616 459825 138465;
R 12616 65205 41880;
R 12616 302000 382875;
R 12616 65380 437075;
R 12616 108305 183685;
R 12616 177805 490350;
R 12616 55440 187253;
R 12616 334025 400425;
R 12616 334250 86788;
R 12616 220255 21246;
R 12616 257025 431700;
R 12616 320550 261050;
R 12616 187675 79188;
R 12616 101632 323050;
R 12616 428500 286650;
R 12616 195813 216225;
R 12616 297600 229548;
R 12616 453525 412825;
R 12616 408825 303250;
R 12616 179330 297750;
R 12616 278200 141523;
R 12616 471450 126225;
R 12616 106785 149985;
R 12616 474450 434850;
R 12616 383375 214475;
R 12616 391050 61375;
R 12616 434050 446450;
R 12616 376750 86910;
R 12616 491250 462100;
R 12616 286350 216698;
R 12616 226630 318125;
R 12616 297975 99135;
R 12616 333300 290975;
R 12616 361075 461875;
R 12616 3341 438125;
R 12616 346400 301550;
R 12616 371925 411050;
R 12616 102508 468925;
R 12616 119188 135868;
R 12616 98118 204685;
R 12616 320300 79805;
R 12616 493300 353225;
R 12616 490175 389325;
R 12616 34008 221128;
R 12616 316200 398425;
R 12616 90998 249330;
R 12616 441425 29560;
R 12616 172655 315325;
R 12616 333000 309975;
R 12616 365975 327150;
R 12616 21836 324825;
R 12616 124085 80490;
R 12616 359875 376250;
R 12616 290850 119258;
R 12616 497475 244310;
R 12616 65710 498025;
R 12616 223585 469400;
R 12616 134115 50448;
R 12616 54863 29745;
R 12616 408375 270200;
R 12616 442650 95060;
R 12616 106668 452275;
R 12616 128220 2010;
R 12616 58293 384025;
R 12616 74698 480300;
R 12616 301000 180968;
R 12616 321150 378750;
R 12616 160083 305150;
R 12616 273900 104103;
R 12616 431650 242272;
R 12616 438650 134218;
R 12616 105748 384875;
R 12616 165003 217977;
R 12616 352975 149278;
R 12616 127757 318325;
R 12616 494525 373700;
R 12616 140718 94075;
R 12616 171418 134538;
R 12616 181880 164260;
R 12616 391750 8486;
R 12616 422625 4900;
R 12616 474600 398125;
R 12616 70330 147345;
R 12616 443100 498850;
R 12616 207725 239070;
R 12616 439725 44998;
R 12616 144080 410775;
R 12616 284750 457525;
R 12616 154230 84390;
R 12616 479900 93350;
R 12616 378525 381350;
R 12616 250950 52423;
R 12616 496125 99560;
R 12616 305525 309625;
R 12616 5752 1577;
R 12616 253950 247230;
R 12616 156135 377925;
R 12616 179658 444800;
R 12616 435600 15013;
R 12616 86713 112813;
R 12616 85778 397575;
R 12616 231450 380625;
R 12616 231513 51402;
R 12616 287425 197205;
R 12616 152478 292025;
R 12616 341025 254275;
R 12616 444200 346800;
R 12616 411275 469750;
R 12616 457375 207768;
R 12616 18188 28810;
R 12616 33255 454325;
R 12616 390125 342250;
R 12616 445025 149570;
R 12616 351425 242790;
R 12616 56690 70508;
R 12616 385575 485575;
R 12616 359200 62948;
R 12616 286975 493450;
R 12616 91498 280000;
R 12616 122530 151270;
R 12616 309275 349775;
R 12616 163883 440925;
R 12616 60803 259200;
R 12616 333650 201275;
R 12616 414475 318000;
R 12616 133505 266775;
R 12616 273325 446375;
R 12616 194780 250775;
R 12616 325075 214290;
R 12616 208835 461575;
R 12616 389200 157760;
R 12616 300200 150328;
R 12616 492475 493900;
R 12616 38973 363425;
R 12616 456000 13688;
R 12616 361950 225168;
R 12616 48330 163273;
R 12616 157200 188093;
R 12616 108225 107413;
R 12616 398675 254575;
R 12616 163013 254050;
R 12616 426600 488100;
R 12616 45428 266850;
R 12616 66978 165898;
R 12616 123780 412350;
R 12616 347700 452300;
R 12616 164528 45475;
R 12616 107695 308175;
R 12616 39613 326700;
R 12616 320250 432075;
R 12616 428325 349850;
R 12616 486675 118310;
R 12616 399675 189750;
R 12616 312575 34428;
R 12616 390775 79135;
R 12616 264625 214808;
R 12616 145680 223528;
R 12616 355125 316425;
R 12616 369375 30738;
R 12616 149865 335800;
R 12616 201730 11753;
R 12616 49518 108780;
R 12616 370450 347425;
R 12616 258525 449900;
R 12616 385325 195963;
R 12616 388600 434025;
R 12616 136153 250900;
R 12616 84038 13342;
R 12616 101803 401825;
R 12616 468650 230483;
R 12616 15986 146553;
R 12616 297325 36100;
R 12616 446900 285650;
R 12616 25283 47215;
R 12616 224023 94280;
R 12616 62290 223390;
R 12616 426075 161880;
R 12616 487275 425175;
R 12616 254625 415100;
R 12616 321325 117425;
R 12616 384775 33275;
R 12616 123288 475750;
R 12616 324700 359575;
R 12616 312875 94293;
R 12616 321100 321750;
R 12616 116698 358775;
R 12616 322925 161873;
R 12616 146725 313475;
R 12616 88688 150963;
R 12616 343750 366225;
R 12616 158495 68943;
R 12616 349400 428375;
R 12616 293350 7930;
R 12616 388500 366725;
R 12616 30753 259450;
R 12616 283475 336800;
R 12616 470175 414750;
R 12616 9107 341800;
R 12616 22449 483925;
R 12616 426475 35835;
R 12616 213013 332150;
R 12616 112905 199878;
R 12616 6075 121573;
R 12616 239478 17578;
R 12616 403375 329200;
R 12616 496625 75958;
R 12616 314925 10116;
R 12616 164060 2869;
R 12616 277225 73503;
R 12616 91895 435725;
R 12616 91278 377100;
R 12616 45385 56435;
R 12616 424700 52058;
R 12616 132698 458650;
R 12616 173255 360325;
R 12616 399150 209010;
R 12616 462000 497900;
R 12616 238310 236080;
R 12616 237295 252025;
R 12616 472750 265450;
R 12616 337000 9068;
R 12616 251800 91865;
R 12616 34568 294975;
R 12616 490900 478200;
R 12616 388925 418000;
R 12616 293225 78595;
R 12616 59338 479900;
R 12616 283325 91323;
R 12616 79833 134318;
R 12616 363575 48108;
R 12616 497200 296225;
R 12616 76355 380125;
R 12616 36058 116415;
R 12616 192958 365175;
R 12616 131610 32778;
R 12616 334775 423450;
R 12616 488375 168583;
R 12616 68628 397900;
R 12616 479400 26965;
R 12616 421850 421575;
R 12616 224003 110315;
R 12616 97630 136643;
R 12616 261250 39910;
R 12616 36860 152783;
R 12616 172520 30645;
R 12616 333875 273500;
R 12616 21471 367075;
R 12616 406275 238195;
R 12616 283425 274950;
R 12616 91493 480275;
R 12616 454475 479375;
R 12616 325100 22261;
R 12616 414400 146003;
R 12616 340225 327200;
R 12616 66475 117120;
R 12616 396 227863;
R 12616 377000 142930;
R 12616 299400 453275;
R 12616 186453 114755;
R 12616 347400 180943;
R 12616 425400 262275;
R 12616 262450 8689;
R 12616 123355 179010;
R 12616 151493 163655;
R 12616 255475 299825;
R 12616 302825 209910;
R 12616 16219 225185;
R 12616 298025 270550;
R 12616 488425 441300;
R 12616 478825 6337;
R 12616 216250 183625;
R 12616 347250 76793;
R 12616 195345 423250;
R 12616 367400 290750;
R 12616 27700 6761;
R 12616 181070 343275;
R 12616 88253 496075;
R 12616 135813 164215;
R 12616 435725 324375;
R 12616 182813 410150;
R 12616 455525 108548;
R 12616 316950 53680;
R 12616 37598 183630;
R 12616 318200 297150;
R 12616 176273 187695;
R 12616 33400 439100;
R 12616 14935 101115;
R 12616 234115 418350;
R 12616 488575 309725;
R 12616 303200 367450;
R 12616 430350 201270;
R 12616 372400 70430;
R 12616 419975 129757;
R 12616 8017 196870;
R 12616 192935 267175;
R 12616 197590 448475;
R 12616 9723 86245;
R 12616 71833 101832;
R 12616 409025 490275;
R 12616 450375 332725;
R 12616 103272 56068;
R 12616 349950 275200;
R 12616 79073 237023;
R 12616 267625 493375;
R 12616 30218 65428;
R 12616 399525 444675;
R 12616 422850 112778;
R 12616 205503 295250;
R 12616 214765 374350;
R 12616 191723 308125;
R 12616 300575 335850;
R 12616 452675 366625;
R 12616 85553 464900;
R 12616 137595 300925;
R 12616 353225 336475;
R 12616 370800 308475;
R 12616 314450 466100;
R 12616 444975 79335;
R 12616 93208 295175;
R 12616 126730 396850;
R 12616 171063 117230;
R 12616 461950 465475;
R 12616 384625 269625;
R 12616 442600 386250;
R 12616 52400 292150;
R 12616 370650 118133;
R 12616 403150 409825;
R 12616 470150 196158;
R 12616 74305 68680;
R 12616 158100 101435;
R 12616 218233 36478;
R 12616 149970 467375;
R 12616 443775 253075;
R 12616 205005 435150;
R 12616 451750 430225;
R 12616 363650 103545;
R 12616 439325 476900;
R 12616 16486 292900;
R 12616 198583 47720;
R 12616 481800 72313;
R 12616 453250 124127;
R 12616 138793 111150;
R 12616 121268 65185;
R 12616 440075 112078;
R 12616 206185 353550;
R 12616 74750 252025;
R 12616 211245 420225;
R 12616 67385 353525;
R 12616 569 181830;
R 12616 212925 58900;
R 12616 382600 396300;
R 12616 405225 346925;
R 12616 159008 404125;
R 12616 380725 320175;
R 12616 116162 45633;
R 12616 48058 350475;
R 12616 240058 103113;
R 12616 289575 311075;
R 12616 134560 374200;
R 12616 188685 324150;
R 12616 493700 337575;
R 12616 196613 176413;
R 12616 236743 334225;
R 12616 496225 149795;
R 12616 279050 480000;
R 12616 436925 180405;
R 12616 421900 87100;
R 12616 349250 38910;
R 12616 497250 134383;
R 12616 332000 69983;
R 12616 221053 248173;
R 12616 100213 338175;
R 12616 338725 347200;
R 12616 92270 187310;
R 12616 377300 228758;
R 12616 223750 230913;
R 12616 52793 455325;
R 12616 7582 164543;
R 12616 338750 232725;
R 12616 445175 457200;
R 12616 303375 128672;
R 12616 393825 96888;
R 12616 93680 44003;
R 12616 351500 206080;
R 12616 370000 274075;
R 12616 316925 279125;
R 12616 272350 263700;
R 12616 462200 278875;
R 12616 47945 5985;
R 12616 270625 194385;
R 12616 266475 281600;
R 12616 105018 123100;
R 12616 22646 210985;
R 12616 254325 196888;
R 12616 77 210618;
R 12616 422025 214337;
R 12616 58845 420425;
R 12616 181448 147453;
R 12616 91655 420150;
R 12616 419000 21243;
R 12616 212303 486550;
R 12616 405550 428400;
R 12616 337875 113888;
R 12616 305025 434450;
R 12616 250450 346050;
R 12616 164023 235425;
R 12616 49713 213010;
R 12616 470000 155398;
R 12616 133573 17178;
R 12616 49855 439975;
R 12616 144325 198463;
R 12616 21019 118438;
R 12616 440200 300350;
R 12616 193503 285475;
R 12616 368950 487100;
R 12616 126273 444650;
R 12616 492575 262800;
R 12616 278975 41645;
R 12616 8218 46733;
R 12616 263125 392900;
R 12616 36273 202280;
R 12616 325100 336775;
R 12616 19868 182893;
R 12616 233343 157003;
R 12616 150710 55290;
R 12616 194638 64823;
R 12616 32690 97713;
R 12616 153293 144278;
R 12616 348050 393225;
R 12616 472200 41233;
R 12616 367975 444500;
R 12616 61833 242425;
R 12616 129223 195048;
R 12616 257625 147570;
R 12616 107158 420550;
R 12616 488850 198250;
R 12616 278800 430650;
R 12616 417375 180270;
R 12616 211513 205328;
R 12616 367825 5999;
R 12616 261125 364450;
R 12616 155615 489650;
R 12616 164870 456600;
R 12616 76350 451950;
R 12616 332450 184878;
R 12616 199265 404225;
R 12616 245638 117885;
R 12616 345850 130980;
R 12616 397200 140343;
R 12616 368075 363275;
R 12616 319050 230033;
R 12616 30028 134088;
R 12616 183685 394150;
R 12616 56173 337000;
R 12616 279500 387900;
R 12616 392375 226885;
R 12616 133450 128023;
R 12616 307200 167040;
R 12616 454625 397025;
R 12616 79840 268200;
R 12616 333625 439250;
R 12616 487125 408775;
R 12616 23278 350750;
R 12616 402025 109693;
R 12616 223863 406825;
R 12616 14371 241038;
R 12616 463975 94520;
R 12616 257300 229580;
R 12616 273225 374050;
R 12616 219270 76210;
R 12616 242540 144295;
R 12616 123145 114685;
R 12616 167353 156675;
R 12616 482750 182770;
R 12616 264825 166178;
R 12616 180170 205575;
R 12616 147888 239393;
R 12616 474775 345900;
R 12616 474375 361350;
R 12616 306875 244200;
R 12616 107163 70970;
R 12616 410275 395850;
R 12616 379375 17495;
R 12616 233982 68148;
R 12616 136838 489075;
R 12616 100990 17914;
R 12616 270725 55895;
R 12616 88420 217998;
R 12616 257025 181255;
R 12616 362875 132438;
R 12616 474950 486700;
R 12616 44353 307675;
R 12616 185878 38458;
R 12616 328200 132315;
R 12616 43408 248038;
R 12616 441375 61438;
R 12616 177838 261350;
R 12616 405400 287275;
R 12616 94225 232830;
R 12616 252500 377550;
R 12616 207040 312825;
R 12616 70938 27863;
R 12616 424825 382150;
R 12616 215638 2482;
R 12616 186708 97125;
R 12616 365500 188713;
R 12616 475100 56598;
R 12616 118358 23747;
R 12616 499825 60743;
R 12616 243900 320300;
R 12616 395700 314900;
R 12616 276675 354525;
R 12616 34943 21481;
R 12616 398975 383350;
R 12616 60453 14810;
R 12616 457500 261575;
R 12616 104163 367700;
R 12616 209813 222105;
R 12616 245665 168908;
R 12616 92445 171713;
R 12616 341825 468500;
R 12616 210358 141900;
R 12616 89245 62403;
R 12616 353275 485025;
R 12616 198423 336800;
R 12616 385125 111237;
R 12616 306775 69385;
R 12616 369700 426375;
R 12616 118545 272000;
R 12616 27575 309300;
R 12616 457875 31458;
R 12616 437750 422775;
R 12616 215868 163750;
R 12616 168170 388300;
R 12616 8406 258125;
R 12616 230250 286000;
R 12616 159168 322225;
R 12616 264675 334775;
R 12616 181875 222370;
R 12616 65355 464675;
R 12616 32673 403325;
R 12616 403100 174058;
R 12616 492425 17341;
R 12616 197310 493625;
R 12616 188863 20740;
R 12616 303225 19872;
R 12616 468325 171488;
R 12616 457100 299450;
R 12616 107718 486575;
R 12616 315500 142503;
R 12616 11041 307875;
R 12616 260500 478550;
R 12616 314950 448350;
R 12616 92105 80153;
R 12616 286950 291300;
R 12616 284525 238850;
R 12616 384750 450675;
R 12616 480975 143615;
R 12616 208885 100705;
R 12616 40943 378725;
R 12616 144578 278375;
R 12616 204525 83788;
R 12616 283025 181893;
R 12616 257575 268400;
R 12616 323200 496850;
R 12616 323525 245688;
R 12616 296650 474800;
R 12616 413025 199108;
R 12616 147713 7371;
R 12616 377725 467400;
R 12616 285925 404800;
R 12616 238608 433225;
R 12616 16798 425425;
R 12616 130990 285900;
R 12616 30038 237073;
R 12616 60018 366950;
R 12616 361975 81488;
R 12616 272975 303650;
R 12616 76373 417800;
R 12616 57247 276375;
R 12616 333550 37635;
R 12616 181633 459950;
R 12616 6164 485325;
R 12616 240065 183605;
R 12616 61043 319250;
R 12616 104160 33073;
R 12616 104028 2489;
R 12616 23546 79168;
R 12616 366875 394275;
R 12616 449600 167670;
R 12616 228120 173558;
R 12616 480250 294625;
R 12616 345725 23000;
R 12616 411950 40930;
R 12616 408050 57035;
R 12616 419225 332375;
R 12616 460625 351500;
R 12616 479150 323125;
R 12616 245167 361725;
R 12616 6826 460800;
R 12616 485750 234720;
R 12616 2538 418775;
R 12616 301225 407075;
R 12616 75228 336450;
R 12616 458250 65198;
R 12616 264225 24242;
R 12616 48315 231100;
R 12616 277625 157505;
R 12616 90290 350475;
R 12616 225978 141290;
R 12616 172318 330600;
R 12616 137650 143780;
R 12616 288675 374925;
R 12616 78513 364525;
R 12616 122380 96818;
R 12616 40943 41910;
R 12616 318025 415525;
R 12616 1948 321275;
R 12616 355350 117505;
R 12616 304200 291150;
R 12616 336075 146810;
R 12616 35883 493250;
R 12616 286125 57180;
R 12616 64873 201768;
R 12616 197643 129573;
R 12616 90205 96935;
R 12616 242353 450775;
R 12616 125458 216278;
R 12616 213120 391875;
R 12616 166923 174830;
R 12616 362975 258725;
R 12616 52445 148605;
R 12616 122388 302775;
R 12616 289975 441150;
R 12616 152378 353975;
R 12616 22595 466675;
R 12616 486600 217915;
R 12616 387700 242898;
R 12616 327350 475675;
R 12616 336475 489075;
R 12616 134680 358875;
R 12616 475650 450025;
R 12616 345400 162535;
R 12616 291675 255275;
R 12616 108815 436100;
R 12616 55490 87530;
R 12616 177423 278400;
R 12616 192850 233125;
R 12616 120900 381625;
R 12616 122843 427975;
R 12616 26698 276700;
R 12616 195238 468725;
R 12616 456375 244498;
R 12616 349200 96828;
R 12616 202175 28368;
R 12616 26115 389250;
R 12616 228110 193763;
R 12616 326650 101862;
R 12616 275175 123383;
R 12616 176760 429800;
R 12616 60915 134163;
R 12616 343300 55675;
R 12616 209900 258650;
R 12616 116943 331400;
R 12616 107368 244885;
R 12616 50528 401700;
R 12616 247163 286525;
R 12616 470475 250450;
R 12616 234903 499200;
R 12616 16170 407975;
R 12616 460175 445100;
R 12616 19128 444900;
R 12616 160258 274500;
R 12616 378350 255625;
R 12616 291500 357650;
R 12616 45165 132605;
R 12616 145903 37875;
R 12616 273550 415875;
R 12616 1721 399900;
R 12616 440725 403625;
R 12616 199403 156900;
R 12616 251000 463350;
R 12616 76303 53578;
R 12616 387000 128208;
R 12616 378900 48570;
R 12616 424050 405650;
R 12616 220630 345775;
R 12616 162215 202973;
R 12616 177940 242665;
R 12616 336525 380900;
R 12616 293600 422475;
R 12616 435275 366050;
R 12616 441075 212818;
R 12616 402475 24839;
R 12616 291450 164308;
R 12616 110833 167430;
R 12616 147778 391750;
R 12616 244905 34183;
R 12616 353475 565;
R 12616 444700 232488;
R 12616 137280 71015;
R 12616 395875 44183;
R 12616 260875 317975;
R 12616 120130 256250;
R 12616 413725 452900;
R 12616 219405 301425;
R 12616 260000 124790;
R 12616 414975 250625;
R 12616 170590 90775;
R 12616 302725 494825;
R 12616 455350 49093;
R 12616 257975 73815;
R 12616 330075 454525;
R 12616 13162 67978;
R 12616 364875 159033;
R 12616 238658 300850;
R 12616 221553 269600;
R 12616 394650 470075;
R 12616 224440 361850;
R 12616 314900 195168;
R 12616 426525 70743;
R 12616 129675 339825;
R 12616 200345 193655;
R 12616 109985 214843;
R 12616 239755 269125;
R 12616 271550 247158;
R 12616 113955 230818;
R 12616 367850 241965;
R 12616 71428 287075;
R 12616 489400 49245;
R 12616 108150 290150;
R 12616 465600 333675;
R 12616 250400 489975;
R 12616 429675 464800;
R 12616 274125 227165;
R 12616 240303 203203;
R 12616 348975 410875;
R 12616 220523 435525;
R 12616 233860 218337;
R 12616 82135 199595;
R 12616 229810 126333;
